2,1,0.15550273018264
3,1,0.622010920730559
4,1,0.31100546036528
5,1,0.15550273018264
6,1,0.466508190547919
12,1,0.15550273018264
13,1,0.15550273018264
14,1,0.622010920730559
15,1,0.15550273018264
16,1,0.15550273018264
18,1,0.31100546036528
23,1,0.933016381095839
26,1,0.622010920730559
29,1,0.15550273018264
30,1,0.15550273018264
31,1,0.15550273018264
37,1,0.15550273018264
39,1,0.466508190547919
40,1,0.15550273018264
50,1,0.15550273018264
51,1,1.08851911127848
52,1,0.15550273018264
53,1,0.31100546036528
55,1,0.777513650913199
60,1,0.15550273018264
66,1,0.31100546036528
68,1,0.15550273018264
69,1,0.15550273018264
70,1,0.622010920730559
72,1,0.15550273018264
77,1,0.31100546036528
80,1,0.933016381095839
85,1,1.5550273018264
87,1,1.08851911127848
88,1,0.15550273018264
89,1,0.15550273018264
90,1,0.777513650913199
91,1,0.15550273018264
93,1,0.15550273018264
94,1,0.31100546036528
95,1,0.15550273018264
99,1,0.466508190547919
104,1,0.622010920730559
106,1,0.15550273018264
111,1,0.777513650913199
113,1,0.777513650913199
114,1,0.466508190547919
115,1,0.466508190547919
117,1,0.31100546036528
118,1,0.466508190547919
119,1,0.466508190547919
121,1,0.15550273018264
125,1,4.50957917529655
126,1,0.933016381095839
132,1,0.15550273018264
138,1,0.15550273018264
139,1,0.466508190547919
1,2,0.15550273018264
3,2,2.79904914328752
6,2,2.17703822255696
8,2,0.15550273018264
10,2,0.31100546036528
11,2,0.31100546036528
12,2,5.90910374694031
13,2,0.15550273018264
14,2,0.466508190547919
15,2,1.24402184146112
16,2,0.622010920730559
18,2,1.08851911127848
19,2,0.15550273018264
22,2,0.31100546036528
23,2,0.622010920730559
26,2,1.5550273018264
29,2,1.39952457164376
31,2,0.622010920730559
32,2,0.15550273018264
33,2,1.71053003200904
34,2,0.31100546036528
36,2,0.15550273018264
37,2,2.02153549237432
39,2,2.3325409527396
41,2,0.466508190547919
46,2,0.933016381095839
50,2,0.777513650913199
51,2,2.3325409527396
53,2,0.777513650913199
55,2,2.17703822255696
58,2,0.31100546036528
60,2,0.622010920730559
61,2,0.15550273018264
64,2,0.31100546036528
66,2,1.39952457164376
68,2,3.26555733383544
69,2,0.466508190547919
70,2,0.466508190547919
72,2,0.777513650913199
73,2,0.15550273018264
75,2,1.08851911127848
77,2,1.39952457164376
80,2,0.933016381095839
82,2,0.15550273018264
84,2,0.31100546036528
85,2,4.19857371493127
87,2,3.42106006401808
88,2,1.39952457164376
89,2,4.19857371493127
90,2,2.95455187347016
93,2,0.31100546036528
95,2,0.15550273018264
99,2,0.933016381095839
100,2,0.622010920730559
101,2,1.24402184146112
103,2,0.15550273018264
104,2,0.933016381095839
106,2,1.24402184146112
107,2,0.15550273018264
111,2,2.17703822255696
113,2,1.71053003200904
115,2,1.39952457164376
117,2,1.71053003200904
119,2,0.622010920730559
120,2,1.5550273018264
121,2,0.31100546036528
122,2,0.15550273018264
125,2,4.50957917529655
126,2,0.933016381095839
132,2,0.31100546036528
133,2,0.15550273018264
136,2,0.15550273018264
137,2,0.15550273018264
138,2,0.31100546036528
139,2,1.24402184146112
140,2,0.777513650913199
141,2,0.622010920730559
1,3,0.622010920730559
2,3,2.79904914328752
4,3,0.466508190547919
5,3,2.3325409527396
6,3,0.622010920730559
7,3,0.622010920730559
8,3,2.02153549237432
10,3,0.31100546036528
11,3,1.5550273018264
12,3,5.59809828657503
13,3,0.466508190547919
14,3,0.31100546036528
15,3,1.08851911127848
16,3,2.64354641310488
17,3,0.466508190547919
18,3,2.64354641310488
19,3,0.15550273018264
22,3,1.39952457164376
23,3,0.933016381095839
24,3,0.15550273018264
25,3,0.15550273018264
26,3,2.17703822255696
27,3,2.17703822255696
29,3,2.02153549237432
30,3,1.24402184146112
31,3,0.466508190547919
32,3,0.15550273018264
33,3,1.08851911127848
34,3,1.5550273018264
36,3,1.24402184146112
37,3,3.42106006401808
38,3,1.71053003200904
39,3,1.71053003200904
40,3,1.39952457164376
41,3,2.3325409527396
42,3,0.466508190547919
44,3,0.777513650913199
45,3,1.08851911127848
46,3,1.86603276219168
49,3,0.777513650913199
50,3,0.622010920730559
51,3,1.5550273018264
52,3,0.15550273018264
53,3,1.5550273018264
55,3,1.5550273018264
56,3,0.933016381095839
57,3,0.31100546036528
58,3,1.71053003200904
59,3,0.15550273018264
60,3,2.17703822255696
61,3,0.466508190547919
63,3,0.777513650913199
64,3,1.5550273018264
65,3,1.24402184146112
66,3,2.02153549237432
68,3,2.3325409527396
69,3,0.777513650913199
70,3,1.24402184146112
71,3,0.777513650913199
72,3,3.88756825456599
73,3,0.31100546036528
75,3,1.86603276219168
76,3,0.466508190547919
77,3,0.777513650913199
78,3,0.466508190547919
79,3,0.15550273018264
80,3,0.466508190547919
81,3,0.31100546036528
82,3,2.95455187347016
83,3,0.466508190547919
84,3,1.08851911127848
85,3,5.13159009602711
86,3,0.15550273018264
87,3,4.97608736584447
88,3,1.24402184146112
89,3,4.19857371493127
90,3,1.5550273018264
93,3,0.777513650913199
94,3,1.39952457164376
95,3,0.622010920730559
96,3,0.15550273018264
99,3,0.31100546036528
100,3,0.777513650913199
101,3,3.26555733383544
103,3,0.15550273018264
104,3,1.39952457164376
105,3,0.622010920730559
106,3,1.86603276219168
107,3,0.466508190547919
108,3,0.466508190547919
109,3,0.15550273018264
111,3,2.64354641310488
113,3,3.26555733383544
114,3,1.5550273018264
115,3,0.933016381095839
116,3,1.71053003200904
117,3,1.5550273018264
119,3,0.777513650913199
120,3,0.31100546036528
121,3,1.71053003200904
125,3,4.66508190547919
126,3,1.5550273018264
128,3,0.31100546036528
129,3,0.31100546036528
132,3,1.24402184146112
137,3,1.24402184146112
138,3,0.466508190547919
139,3,0.777513650913199
140,3,0.622010920730559
141,3,1.08851911127848
1,4,0.31100546036528
3,4,0.466508190547919
5,4,5.44259555639239
6,4,0.15550273018264
7,4,1.71053003200904
9,4,1.08851911127848
10,4,8.70815289022783
11,4,0.15550273018264
13,4,0.15550273018264
14,4,1.24402184146112
16,4,0.15550273018264
19,4,1.08851911127848
20,4,1.5550273018264
22,4,0.15550273018264
25,4,0.31100546036528
27,4,2.64354641310488
28,4,0.466508190547919
29,4,0.15550273018264
30,4,2.02153549237432
31,4,0.933016381095839
34,4,0.15550273018264
36,4,0.31100546036528
37,4,0.31100546036528
38,4,3.88756825456599
39,4,0.31100546036528
40,4,4.35407644511391
41,4,1.08851911127848
42,4,0.15550273018264
43,4,0.622010920730559
44,4,1.39952457164376
46,4,0.777513650913199
47,4,0.31100546036528
48,4,0.466508190547919
49,4,1.24402184146112
50,4,0.15550273018264
51,4,0.31100546036528
52,4,0.31100546036528
53,4,1.86603276219168
54,4,0.31100546036528
55,4,0.15550273018264
56,4,0.622010920730559
58,4,3.73206552438335
59,4,0.622010920730559
60,4,0.31100546036528
61,4,0.15550273018264
62,4,3.1100546036528
63,4,1.08851911127848
64,4,0.933016381095839
65,4,0.466508190547919
67,4,0.31100546036528
68,4,0.933016381095839
69,4,0.933016381095839
70,4,0.933016381095839
71,4,0.466508190547919
72,4,2.48804368292224
73,4,0.31100546036528
75,4,0.622010920730559
76,4,1.24402184146112
77,4,0.15550273018264
79,4,0.622010920730559
81,4,0.466508190547919
82,4,0.777513650913199
83,4,0.933016381095839
84,4,1.86603276219168
86,4,1.71053003200904
87,4,1.71053003200904
88,4,1.08851911127848
89,4,1.39952457164376
90,4,0.15550273018264
91,4,0.466508190547919
93,4,0.15550273018264
94,4,1.5550273018264
97,4,3.1100546036528
98,4,3.88756825456599
100,4,0.466508190547919
101,4,2.17703822255696
102,4,0.31100546036528
103,4,0.466508190547919
104,4,1.08851911127848
106,4,0.15550273018264
107,4,0.466508190547919
108,4,1.71053003200904
109,4,0.31100546036528
110,4,1.24402184146112
111,4,0.933016381095839
112,4,0.777513650913199
113,4,0.15550273018264
114,4,0.31100546036528
116,4,0.933016381095839
117,4,0.15550273018264
118,4,0.622010920730559
119,4,0.777513650913199
120,4,0.622010920730559
122,4,1.39952457164376
123,4,0.15550273018264
124,4,1.08851911127848
127,4,0.777513650913199
128,4,2.64354641310488
129,4,0.15550273018264
130,4,0.466508190547919
132,4,5.59809828657503
133,4,0.31100546036528
135,4,1.08851911127848
136,4,0.933016381095839
137,4,0.31100546036528
138,4,0.15550273018264
140,4,0.15550273018264
141,4,2.95455187347016
1,5,0.15550273018264
3,5,2.3325409527396
4,5,5.44259555639239
7,5,1.24402184146112
9,5,0.622010920730559
10,5,4.19857371493127
11,5,0.466508190547919
13,5,0.933016381095839
16,5,0.15550273018264
17,5,0.466508190547919
18,5,0.15550273018264
20,5,0.15550273018264
21,5,2.02153549237432
22,5,0.31100546036528
24,5,0.466508190547919
25,5,0.15550273018264
27,5,0.777513650913199
30,5,1.08851911127848
31,5,0.622010920730559
32,5,0.15550273018264
34,5,0.466508190547919
36,5,0.466508190547919
37,5,0.777513650913199
38,5,1.39952457164376
40,5,5.44259555639239
41,5,0.622010920730559
42,5,0.777513650913199
43,5,0.622010920730559
44,5,0.622010920730559
45,5,0.622010920730559
46,5,0.15550273018264
48,5,0.622010920730559
49,5,1.39952457164376
50,5,0.15550273018264
53,5,1.39952457164376
54,5,0.31100546036528
56,5,1.08851911127848
57,5,0.15550273018264
58,5,1.39952457164376
59,5,0.15550273018264
61,5,1.5550273018264
62,5,2.3325409527396
63,5,1.08851911127848
64,5,0.622010920730559
65,5,0.466508190547919
66,5,0.31100546036528
67,5,0.466508190547919
68,5,1.86603276219168
69,5,2.3325409527396
70,5,2.3325409527396
71,5,0.622010920730559
72,5,0.466508190547919
73,5,0.31100546036528
74,5,0.15550273018264
75,5,0.31100546036528
76,5,0.31100546036528
78,5,0.15550273018264
80,5,0.777513650913199
81,5,0.31100546036528
82,5,2.17703822255696
83,5,0.31100546036528
84,5,1.08851911127848
85,5,0.622010920730559
86,5,2.48804368292224
87,5,0.777513650913199
88,5,2.64354641310488
89,5,0.933016381095839
90,5,0.31100546036528
91,5,0.31100546036528
92,5,0.466508190547919
93,5,0.622010920730559
94,5,0.933016381095839
96,5,0.933016381095839
97,5,5.13159009602711
98,5,10.2631801920542
100,5,0.622010920730559
101,5,0.466508190547919
102,5,0.15550273018264
103,5,0.622010920730559
104,5,0.31100546036528
105,5,1.08851911127848
106,5,0.31100546036528
107,5,0.31100546036528
108,5,0.777513650913199
109,5,0.466508190547919
110,5,2.17703822255696
111,5,0.15550273018264
112,5,0.466508190547919
113,5,0.466508190547919
114,5,0.31100546036528
116,5,1.24402184146112
117,5,0.777513650913199
118,5,0.31100546036528
119,5,0.15550273018264
120,5,0.31100546036528
121,5,0.466508190547919
122,5,2.02153549237432
123,5,0.933016381095839
124,5,0.15550273018264
127,5,0.933016381095839
128,5,3.57656279420072
129,5,0.15550273018264
131,5,0.622010920730559
132,5,3.88756825456599
133,5,0.622010920730559
134,5,0.31100546036528
135,5,0.31100546036528
136,5,0.466508190547919
137,5,0.777513650913199
139,5,0.15550273018264
140,5,0.622010920730559
141,5,1.24402184146112
1,6,0.466508190547919
2,6,2.17703822255696
3,6,0.622010920730559
4,6,0.15550273018264
11,6,0.466508190547919
12,6,1.5550273018264
13,6,0.466508190547919
16,6,0.15550273018264
18,6,1.08851911127848
21,6,0.15550273018264
22,6,0.466508190547919
23,6,0.15550273018264
25,6,0.466508190547919
26,6,0.933016381095839
29,6,0.933016381095839
30,6,0.31100546036528
33,6,1.24402184146112
34,6,0.15550273018264
37,6,0.15550273018264
38,6,0.31100546036528
39,6,1.08851911127848
40,6,0.15550273018264
42,6,0.31100546036528
46,6,0.466508190547919
47,6,1.08851911127848
50,6,0.933016381095839
51,6,2.48804368292224
52,6,0.622010920730559
53,6,0.31100546036528
55,6,0.15550273018264
58,6,0.777513650913199
60,6,2.02153549237432
63,6,0.15550273018264
66,6,1.08851911127848
67,6,0.15550273018264
68,6,0.933016381095839
69,6,0.15550273018264
71,6,0.31100546036528
72,6,0.466508190547919
75,6,0.466508190547919
77,6,3.57656279420072
79,6,0.31100546036528
80,6,0.777513650913199
82,6,0.15550273018264
84,6,0.622010920730559
85,6,0.933016381095839
87,6,2.02153549237432
88,6,0.933016381095839
89,6,0.933016381095839
90,6,1.39952457164376
93,6,0.622010920730559
94,6,0.31100546036528
95,6,0.466508190547919
97,6,0.15550273018264
99,6,0.933016381095839
100,6,0.31100546036528
101,6,0.622010920730559
104,6,0.15550273018264
106,6,0.777513650913199
108,6,0.15550273018264
109,6,0.15550273018264
111,6,0.777513650913199
113,6,1.24402184146112
115,6,0.31100546036528
116,6,0.466508190547919
117,6,0.15550273018264
122,6,0.31100546036528
125,6,1.24402184146112
128,6,0.466508190547919
132,6,0.15550273018264
133,6,0.31100546036528
136,6,0.15550273018264
137,6,0.15550273018264
138,6,0.622010920730559
139,6,0.31100546036528
140,6,0.15550273018264
141,6,0.31100546036528
3,7,0.622010920730559
4,7,1.71053003200904
5,7,1.24402184146112
8,7,0.466508190547919
9,7,0.31100546036528
10,7,1.24402184146112
13,7,0.15550273018264
14,7,1.39952457164376
17,7,0.31100546036528
18,7,0.622010920730559
19,7,0.622010920730559
20,7,2.02153549237432
21,7,0.31100546036528
24,7,0.31100546036528
26,7,0.15550273018264
27,7,0.31100546036528
30,7,0.31100546036528
31,7,1.24402184146112
36,7,0.15550273018264
37,7,0.15550273018264
38,7,2.02153549237432
39,7,0.622010920730559
40,7,0.933016381095839
41,7,0.777513650913199
42,7,0.31100546036528
43,7,0.15550273018264
44,7,1.39952457164376
45,7,0.15550273018264
48,7,0.15550273018264
50,7,0.15550273018264
53,7,1.08851911127848
57,7,0.15550273018264
58,7,0.622010920730559
59,7,0.31100546036528
60,7,0.15550273018264
61,7,0.777513650913199
62,7,1.39952457164376
63,7,0.31100546036528
64,7,0.15550273018264
65,7,0.15550273018264
67,7,1.39952457164376
69,7,2.17703822255696
70,7,0.31100546036528
71,7,1.08851911127848
72,7,0.15550273018264
73,7,0.15550273018264
76,7,0.777513650913199
78,7,0.466508190547919
79,7,0.777513650913199
81,7,0.31100546036528
82,7,0.15550273018264
84,7,1.5550273018264
86,7,1.5550273018264
87,7,0.466508190547919
89,7,0.622010920730559
91,7,0.777513650913199
94,7,0.15550273018264
96,7,0.622010920730559
98,7,0.31100546036528
100,7,0.15550273018264
101,7,0.466508190547919
103,7,0.777513650913199
104,7,0.15550273018264
105,7,1.24402184146112
107,7,0.15550273018264
108,7,0.622010920730559
110,7,3.57656279420072
112,7,0.777513650913199
113,7,0.31100546036528
114,7,0.933016381095839
116,7,0.933016381095839
118,7,1.08851911127848
119,7,0.15550273018264
121,7,0.466508190547919
122,7,0.15550273018264
123,7,1.39952457164376
124,7,1.39952457164376
125,7,0.15550273018264
127,7,0.777513650913199
129,7,0.15550273018264
130,7,0.15550273018264
132,7,1.39952457164376
133,7,0.466508190547919
134,7,1.24402184146112
135,7,1.39952457164376
136,7,0.15550273018264
137,7,1.08851911127848
140,7,0.31100546036528
141,7,1.5550273018264
2,8,0.15550273018264
3,8,2.02153549237432
7,8,0.466508190547919
9,8,0.31100546036528
10,8,0.31100546036528
11,8,0.933016381095839
13,8,0.466508190547919
14,8,0.15550273018264
15,8,0.31100546036528
16,8,0.15550273018264
17,8,0.15550273018264
18,8,0.622010920730559
20,8,0.31100546036528
21,8,0.933016381095839
24,8,0.466508190547919
25,8,0.622010920730559
26,8,0.777513650913199
27,8,2.79904914328752
30,8,0.15550273018264
34,8,1.08851911127848
36,8,1.71053003200904
37,8,0.15550273018264
38,8,0.31100546036528
39,8,1.5550273018264
40,8,1.39952457164376
41,8,2.64354641310488
42,8,0.31100546036528
43,8,3.26555733383544
44,8,0.15550273018264
46,8,1.86603276219168
48,8,0.15550273018264
50,8,0.622010920730559
51,8,1.24402184146112
52,8,1.08851911127848
53,8,0.31100546036528
54,8,0.466508190547919
55,8,0.622010920730559
58,8,1.24402184146112
61,8,0.466508190547919
62,8,0.933016381095839
63,8,0.466508190547919
64,8,0.466508190547919
65,8,1.08851911127848
66,8,1.39952457164376
67,8,0.777513650913199
68,8,0.933016381095839
69,8,0.622010920730559
70,8,0.777513650913199
71,8,2.95455187347016
72,8,0.777513650913199
73,8,0.466508190547919
75,8,0.933016381095839
76,8,0.31100546036528
77,8,0.466508190547919
78,8,0.777513650913199
79,8,0.31100546036528
80,8,1.5550273018264
82,8,0.933016381095839
83,8,1.5550273018264
84,8,1.24402184146112
85,8,1.24402184146112
87,8,3.57656279420072
88,8,1.5550273018264
89,8,1.39952457164376
90,8,0.933016381095839
91,8,0.466508190547919
92,8,0.15550273018264
94,8,2.3325409527396
95,8,0.31100546036528
96,8,0.31100546036528
97,8,0.31100546036528
99,8,0.466508190547919
100,8,0.777513650913199
101,8,0.933016381095839
103,8,2.02153549237432
104,8,3.73206552438335
105,8,0.622010920730559
106,8,0.622010920730559
107,8,0.622010920730559
109,8,0.777513650913199
110,8,0.15550273018264
111,8,1.39952457164376
112,8,0.466508190547919
113,8,1.08851911127848
114,8,2.02153549237432
115,8,1.5550273018264
116,8,1.24402184146112
117,8,0.777513650913199
119,8,0.466508190547919
120,8,1.08851911127848
121,8,0.31100546036528
123,8,0.466508190547919
124,8,0.466508190547919
125,8,0.466508190547919
126,8,0.466508190547919
127,8,0.15550273018264
128,8,0.31100546036528
129,8,0.15550273018264
130,8,0.31100546036528
135,8,0.31100546036528
136,8,0.31100546036528
137,8,2.02153549237432
138,8,0.466508190547919
140,8,1.24402184146112
141,8,1.08851911127848
4,9,1.08851911127848
5,9,0.622010920730559
7,9,0.31100546036528
8,9,0.31100546036528
10,9,0.777513650913199
11,9,0.15550273018264
13,9,1.71053003200904
16,9,0.15550273018264
17,9,0.622010920730559
19,9,3.1100546036528
20,9,0.31100546036528
21,9,0.777513650913199
22,9,0.31100546036528
24,9,1.86603276219168
25,9,1.39952457164376
29,9,0.31100546036528
30,9,0.31100546036528
31,9,0.31100546036528
32,9,2.3325409527396
34,9,0.15550273018264
35,9,0.622010920730559
37,9,0.31100546036528
38,9,0.933016381095839
40,9,0.31100546036528
41,9,0.777513650913199
42,9,0.622010920730559
43,9,1.39952457164376
45,9,0.622010920730559
46,9,0.15550273018264
47,9,0.15550273018264
48,9,1.5550273018264
49,9,2.95455187347016
51,9,0.31100546036528
54,9,2.95455187347016
56,9,0.15550273018264
57,9,0.15550273018264
58,9,0.15550273018264
59,9,0.622010920730559
61,9,1.39952457164376
62,9,3.57656279420072
63,9,1.5550273018264
64,9,0.15550273018264
66,9,0.466508190547919
67,9,2.02153549237432
69,9,1.08851911127848
70,9,0.15550273018264
71,9,0.466508190547919
72,9,0.15550273018264
73,9,1.08851911127848
74,9,1.08851911127848
75,9,0.31100546036528
76,9,1.08851911127848
77,9,0.15550273018264
78,9,1.5550273018264
79,9,0.31100546036528
81,9,1.08851911127848
82,9,0.31100546036528
83,9,0.15550273018264
86,9,3.26555733383544
87,9,0.31100546036528
88,9,0.466508190547919
89,9,0.15550273018264
91,9,4.50957917529655
92,9,2.48804368292224
94,9,0.622010920730559
96,9,0.777513650913199
97,9,0.466508190547919
98,9,0.15550273018264
100,9,0.15550273018264
101,9,0.15550273018264
102,9,0.933016381095839
103,9,1.24402184146112
104,9,0.15550273018264
105,9,0.31100546036528
107,9,1.08851911127848
108,9,0.466508190547919
109,9,0.15550273018264
110,9,6.22010920730559
111,9,0.31100546036528
112,9,0.622010920730559
118,9,1.5550273018264
119,9,0.15550273018264
120,9,0.15550273018264
122,9,0.15550273018264
123,9,1.5550273018264
124,9,1.5550273018264
125,9,0.15550273018264
127,9,1.39952457164376
128,9,0.466508190547919
129,9,1.39952457164376
130,9,1.39952457164376
131,9,1.39952457164376
132,9,0.15550273018264
133,9,2.64354641310488
134,9,1.24402184146112
135,9,3.26555733383544
136,9,1.24402184146112
137,9,0.31100546036528
141,9,0.15550273018264
2,10,0.31100546036528
3,10,0.31100546036528
4,10,8.70815289022783
5,10,4.19857371493127
7,10,1.24402184146112
8,10,0.31100546036528
9,10,0.777513650913199
11,10,1.08851911127848
13,10,0.31100546036528
14,10,1.39952457164376
15,10,0.933016381095839
16,10,0.466508190547919
18,10,0.466508190547919
19,10,0.31100546036528
20,10,0.31100546036528
21,10,0.622010920730559
22,10,0.933016381095839
23,10,0.15550273018264
24,10,0.777513650913199
25,10,0.15550273018264
26,10,0.31100546036528
27,10,0.933016381095839
30,10,0.777513650913199
31,10,1.5550273018264
32,10,0.15550273018264
34,10,0.777513650913199
35,10,0.622010920730559
36,10,0.622010920730559
37,10,0.777513650913199
38,10,1.71053003200904
39,10,0.777513650913199
40,10,2.79904914328752
41,10,0.466508190547919
42,10,0.31100546036528
44,10,2.48804368292224
45,10,0.15550273018264
46,10,0.933016381095839
47,10,0.15550273018264
49,10,1.08851911127848
51,10,0.31100546036528
53,10,1.86603276219168
54,10,1.08851911127848
57,10,0.15550273018264
58,10,3.42106006401808
60,10,0.31100546036528
62,10,1.39952457164376
63,10,2.79904914328752
64,10,1.39952457164376
65,10,0.31100546036528
66,10,0.622010920730559
67,10,2.17703822255696
68,10,2.17703822255696
69,10,2.02153549237432
70,10,1.24402184146112
71,10,1.39952457164376
72,10,0.622010920730559
73,10,0.15550273018264
74,10,0.15550273018264
75,10,0.466508190547919
76,10,0.466508190547919
77,10,0.466508190547919
79,10,0.777513650913199
80,10,0.31100546036528
81,10,0.466508190547919
83,10,0.622010920730559
84,10,0.933016381095839
85,10,0.466508190547919
86,10,1.24402184146112
87,10,1.08851911127848
89,10,1.5550273018264
90,10,0.933016381095839
91,10,0.31100546036528
93,10,0.466508190547919
94,10,1.71053003200904
96,10,0.15550273018264
97,10,4.50957917529655
98,10,7.46413104876671
100,10,1.39952457164376
101,10,1.39952457164376
102,10,0.622010920730559
103,10,0.31100546036528
105,10,0.31100546036528
106,10,0.31100546036528
107,10,1.71053003200904
108,10,1.5550273018264
109,10,0.777513650913199
110,10,0.622010920730559
111,10,0.777513650913199
112,10,0.31100546036528
113,10,0.15550273018264
114,10,0.466508190547919
116,10,1.71053003200904
117,10,0.31100546036528
118,10,0.622010920730559
119,10,0.31100546036528
120,10,1.08851911127848
121,10,0.466508190547919
122,10,0.777513650913199
123,10,1.08851911127848
124,10,0.31100546036528
127,10,0.933016381095839
128,10,2.02153549237432
129,10,0.31100546036528
131,10,0.15550273018264
132,10,4.50957917529655
133,10,0.466508190547919
134,10,0.622010920730559
135,10,0.466508190547919
136,10,0.31100546036528
137,10,0.31100546036528
139,10,0.15550273018264
140,10,0.31100546036528
141,10,1.24402184146112
2,11,0.31100546036528
3,11,1.5550273018264
4,11,0.15550273018264
5,11,0.466508190547919
6,11,0.466508190547919
8,11,0.933016381095839
9,11,0.15550273018264
10,11,1.08851911127848
13,11,1.08851911127848
15,11,0.31100546036528
16,11,2.17703822255696
18,11,2.48804368292224
19,11,0.31100546036528
21,11,0.15550273018264
22,11,0.31100546036528
24,11,0.466508190547919
25,11,0.15550273018264
26,11,0.466508190547919
27,11,0.622010920730559
28,11,0.15550273018264
29,11,0.15550273018264
30,11,2.3325409527396
31,11,0.466508190547919
34,11,0.777513650913199
36,11,0.466508190547919
37,11,0.466508190547919
38,11,0.31100546036528
39,11,2.95455187347016
40,11,0.466508190547919
41,11,1.5550273018264
42,11,0.466508190547919
43,11,0.31100546036528
44,11,0.31100546036528
45,11,0.31100546036528
46,11,0.622010920730559
47,11,0.31100546036528
49,11,0.15550273018264
50,11,1.08851911127848
51,11,3.57656279420072
52,11,0.15550273018264
53,11,1.5550273018264
54,11,0.15550273018264
55,11,0.15550273018264
58,11,0.31100546036528
59,11,0.15550273018264
60,11,0.466508190547919
63,11,0.31100546036528
64,11,0.466508190547919
66,11,0.31100546036528
67,11,0.31100546036528
68,11,0.777513650913199
69,11,0.933016381095839
70,11,0.31100546036528
71,11,0.31100546036528
72,11,1.39952457164376
75,11,0.622010920730559
76,11,0.15550273018264
77,11,0.466508190547919
79,11,0.466508190547919
80,11,1.08851911127848
82,11,0.15550273018264
83,11,0.31100546036528
84,11,1.08851911127848
85,11,1.24402184146112
86,11,0.15550273018264
87,11,4.19857371493127
88,11,0.777513650913199
89,11,2.79904914328752
90,11,1.86603276219168
91,11,0.15550273018264
92,11,0.15550273018264
93,11,0.622010920730559
94,11,0.933016381095839
95,11,0.31100546036528
97,11,0.31100546036528
99,11,0.31100546036528
100,11,0.622010920730559
101,11,3.1100546036528
103,11,0.15550273018264
104,11,0.622010920730559
105,11,0.15550273018264
106,11,1.24402184146112
108,11,0.15550273018264
111,11,1.24402184146112
113,11,2.64354641310488
115,11,0.933016381095839
116,11,0.622010920730559
119,11,3.42106006401808
120,11,1.08851911127848
121,11,2.48804368292224
122,11,0.15550273018264
125,11,0.15550273018264
126,11,2.02153549237432
127,11,0.15550273018264
128,11,0.466508190547919
132,11,0.31100546036528
133,11,0.31100546036528
134,11,0.15550273018264
137,11,0.31100546036528
138,11,0.622010920730559
139,11,0.31100546036528
140,11,1.08851911127848
141,11,0.622010920730559
1,12,0.15550273018264
2,12,5.90910374694031
3,12,5.59809828657503
6,12,1.5550273018264
15,12,0.15550273018264
18,12,1.24402184146112
22,12,3.88756825456599
23,12,0.622010920730559
26,12,5.75360101675767
29,12,1.5550273018264
33,12,3.26555733383544
39,12,6.06460647712295
50,12,0.933016381095839
51,12,0.933016381095839
55,12,0.777513650913199
60,12,0.777513650913199
66,12,0.777513650913199
68,12,1.39952457164376
72,12,3.88756825456599
77,12,1.24402184146112
80,12,1.24402184146112
85,12,0.933016381095839
87,12,7.30862831858407
88,12,0.15550273018264
90,12,2.3325409527396
93,12,0.466508190547919
95,12,1.86603276219168
99,12,1.24402184146112
104,12,0.777513650913199
106,12,1.08851911127848
111,12,2.02153549237432
113,12,1.24402184146112
115,12,1.5550273018264
117,12,0.466508190547919
125,12,17.260803050273
126,12,1.5550273018264
138,12,2.79904914328752
139,12,2.3325409527396
1,13,0.15550273018264
2,13,0.15550273018264
3,13,0.466508190547919
4,13,0.15550273018264
5,13,0.933016381095839
6,13,0.466508190547919
7,13,0.15550273018264
8,13,0.466508190547919
9,13,1.71053003200904
10,13,0.31100546036528
11,13,1.08851911127848
14,13,0.31100546036528
16,13,0.31100546036528
18,13,0.15550273018264
19,13,0.777513650913199
20,13,0.777513650913199
21,13,0.15550273018264
24,13,1.24402184146112
25,13,0.31100546036528
26,13,0.31100546036528
27,13,1.39952457164376
31,13,0.466508190547919
32,13,0.15550273018264
33,13,0.15550273018264
34,13,0.15550273018264
36,13,0.466508190547919
37,13,0.15550273018264
38,13,0.466508190547919
39,13,0.15550273018264
40,13,0.466508190547919
41,13,0.466508190547919
42,13,0.466508190547919
43,13,0.15550273018264
44,13,1.86603276219168
45,13,0.15550273018264
46,13,1.71053003200904
47,13,0.31100546036528
49,13,0.622010920730559
51,13,0.15550273018264
52,13,1.24402184146112
53,13,2.64354641310488
54,13,0.466508190547919
55,13,0.466508190547919
56,13,0.31100546036528
57,13,0.777513650913199
58,13,0.622010920730559
59,13,0.15550273018264
60,13,0.31100546036528
61,13,1.39952457164376
62,13,1.08851911127848
63,13,1.24402184146112
64,13,0.933016381095839
65,13,0.31100546036528
66,13,0.622010920730559
67,13,0.31100546036528
68,13,0.933016381095839
69,13,0.622010920730559
70,13,1.08851911127848
71,13,0.15550273018264
72,13,0.15550273018264
73,13,0.15550273018264
74,13,0.15550273018264
75,13,0.622010920730559
76,13,0.777513650913199
77,13,0.31100546036528
78,13,0.466508190547919
79,13,0.466508190547919
80,13,0.31100546036528
81,13,0.622010920730559
82,13,2.02153549237432
83,13,0.777513650913199
84,13,1.24402184146112
86,13,0.31100546036528
87,13,0.933016381095839
88,13,0.777513650913199
89,13,0.933016381095839
90,13,0.622010920730559
91,13,0.15550273018264
92,13,0.15550273018264
93,13,0.31100546036528
94,13,0.15550273018264
97,13,0.777513650913199
100,13,1.08851911127848
101,13,0.622010920730559
103,13,0.622010920730559
104,13,1.5550273018264
105,13,0.15550273018264
106,13,0.31100546036528
107,13,1.08851911127848
109,13,2.3325409527396
110,13,0.777513650913199
111,13,0.15550273018264
112,13,0.15550273018264
113,13,0.466508190547919
114,13,3.57656279420072
115,13,0.466508190547919
117,13,0.15550273018264
118,13,1.24402184146112
119,13,1.08851911127848
120,13,0.15550273018264
121,13,0.15550273018264
122,13,1.08851911127848
124,13,0.466508190547919
125,13,0.777513650913199
126,13,0.15550273018264
127,13,1.39952457164376
128,13,0.933016381095839
129,13,0.31100546036528
130,13,0.31100546036528
131,13,0.31100546036528
132,13,1.39952457164376
133,13,1.5550273018264
136,13,0.622010920730559
139,13,0.15550273018264
140,13,0.15550273018264
141,13,1.24402184146112
1,14,0.622010920730559
2,14,0.466508190547919
3,14,0.31100546036528
4,14,1.24402184146112
7,14,1.39952457164376
8,14,0.15550273018264
10,14,1.39952457164376
13,14,0.31100546036528
16,14,0.933016381095839
18,14,0.622010920730559
19,14,0.777513650913199
20,14,0.622010920730559
24,14,0.15550273018264
25,14,0.777513650913199
26,14,0.15550273018264
27,14,0.15550273018264
30,14,0.31100546036528
31,14,0.15550273018264
32,14,0.15550273018264
34,14,0.31100546036528
36,14,0.622010920730559
37,14,1.08851911127848
38,14,0.15550273018264
39,14,1.24402184146112
40,14,0.31100546036528
41,14,2.02153549237432
42,14,0.622010920730559
43,14,3.1100546036528
44,14,0.15550273018264
47,14,0.15550273018264
48,14,0.31100546036528
49,14,0.15550273018264
50,14,0.933016381095839
51,14,0.466508190547919
52,14,2.3325409527396
53,14,1.5550273018264
55,14,0.15550273018264
57,14,0.31100546036528
58,14,0.933016381095839
59,14,0.622010920730559
60,14,0.777513650913199
61,14,0.15550273018264
63,14,1.24402184146112
64,14,1.08851911127848
65,14,0.31100546036528
66,14,0.31100546036528
67,14,0.31100546036528
69,14,1.08851911127848
70,14,0.466508190547919
71,14,0.31100546036528
72,14,0.31100546036528
73,14,0.15550273018264
75,14,0.933016381095839
76,14,0.31100546036528
78,14,0.15550273018264
80,14,0.622010920730559
81,14,0.777513650913199
84,14,1.08851911127848
85,14,0.777513650913199
86,14,0.15550273018264
87,14,2.17703822255696
88,14,1.08851911127848
89,14,0.933016381095839
90,14,0.933016381095839
91,14,0.15550273018264
92,14,0.15550273018264
94,14,0.31100546036528
95,14,0.31100546036528
96,14,0.31100546036528
99,14,0.466508190547919
101,14,0.777513650913199
102,14,0.15550273018264
103,14,3.1100546036528
105,14,1.86603276219168
106,14,0.933016381095839
107,14,0.15550273018264
108,14,1.08851911127848
111,14,2.79904914328752
113,14,0.466508190547919
117,14,0.15550273018264
119,14,0.15550273018264
120,14,0.933016381095839
123,14,0.15550273018264
124,14,0.15550273018264
125,14,0.31100546036528
126,14,0.777513650913199
127,14,0.933016381095839
128,14,0.31100546036528
130,14,0.15550273018264
131,14,0.466508190547919
132,14,0.15550273018264
133,14,0.31100546036528
137,14,0.15550273018264
138,14,0.15550273018264
139,14,1.08851911127848
140,14,0.15550273018264
141,14,1.24402184146112
1,15,0.15550273018264
2,15,1.24402184146112
3,15,1.08851911127848
8,15,0.31100546036528
10,15,0.933016381095839
11,15,0.31100546036528
12,15,0.15550273018264
16,15,0.622010920730559
18,15,0.466508190547919
19,15,0.31100546036528
21,15,0.15550273018264
22,15,0.622010920730559
23,15,0.777513650913199
26,15,1.24402184146112
27,15,0.15550273018264
29,15,2.17703822255696
30,15,0.777513650913199
31,15,0.15550273018264
33,15,0.777513650913199
39,15,1.86603276219168
40,15,0.15550273018264
42,15,0.15550273018264
45,15,0.31100546036528
46,15,0.622010920730559
50,15,1.08851911127848
51,15,0.466508190547919
55,15,0.777513650913199
56,15,0.31100546036528
60,15,0.31100546036528
64,15,0.15550273018264
66,15,0.777513650913199
68,15,1.24402184146112
69,15,0.15550273018264
71,15,0.31100546036528
72,15,1.5550273018264
75,15,0.466508190547919
77,15,0.622010920730559
80,15,0.466508190547919
82,15,0.777513650913199
84,15,0.622010920730559
85,15,3.26555733383544
87,15,1.24402184146112
88,15,0.622010920730559
89,15,1.24402184146112
90,15,1.86603276219168
93,15,0.622010920730559
94,15,0.31100546036528
95,15,0.622010920730559
99,15,0.466508190547919
100,15,0.31100546036528
104,15,0.777513650913199
106,15,0.622010920730559
108,15,0.31100546036528
111,15,0.31100546036528
113,15,1.39952457164376
115,15,0.31100546036528
117,15,1.24402184146112
119,15,0.15550273018264
120,15,0.31100546036528
125,15,4.19857371493127
126,15,0.622010920730559
137,15,0.15550273018264
138,15,0.15550273018264
139,15,0.777513650913199
141,15,0.15550273018264
1,16,0.15550273018264
2,16,0.622010920730559
3,16,2.64354641310488
4,16,0.15550273018264
5,16,0.15550273018264
6,16,0.15550273018264
8,16,0.15550273018264
9,16,0.15550273018264
10,16,0.466508190547919
11,16,2.17703822255696
13,16,0.31100546036528
14,16,0.933016381095839
15,16,0.622010920730559
17,16,0.15550273018264
18,16,8.08614196949727
22,16,1.71053003200904
23,16,1.08851911127848
25,16,0.622010920730559
26,16,2.48804368292224
27,16,0.777513650913199
28,16,0.15550273018264
29,16,0.15550273018264
30,16,0.466508190547919
31,16,0.777513650913199
33,16,1.24402184146112
34,16,1.08851911127848
36,16,1.24402184146112
37,16,3.73206552438335
38,16,0.466508190547919
39,16,1.71053003200904
40,16,0.31100546036528
41,16,1.86603276219168
44,16,0.15550273018264
46,16,0.933016381095839
47,16,0.15550273018264
50,16,1.39952457164376
51,16,4.04307098474863
53,16,2.79904914328752
54,16,0.31100546036528
55,16,0.31100546036528
56,16,1.08851911127848
58,16,0.466508190547919
59,16,0.15550273018264
60,16,1.08851911127848
63,16,0.15550273018264
64,16,0.622010920730559
65,16,0.31100546036528
66,16,2.64354641310488
68,16,0.466508190547919
69,16,0.31100546036528
70,16,0.466508190547919
72,16,2.79904914328752
75,16,0.466508190547919
76,16,0.31100546036528
77,16,1.39952457164376
80,16,0.622010920730559
82,16,0.15550273018264
84,16,1.86603276219168
85,16,3.42106006401808
87,16,5.13159009602711
88,16,0.777513650913199
89,16,2.48804368292224
90,16,2.17703822255696
93,16,0.622010920730559
94,16,1.5550273018264
95,16,0.466508190547919
99,16,0.15550273018264
100,16,0.777513650913199
101,16,0.31100546036528
104,16,3.88756825456599
105,16,0.777513650913199
106,16,2.17703822255696
107,16,0.15550273018264
108,16,0.15550273018264
109,16,0.466508190547919
111,16,2.79904914328752
112,16,0.15550273018264
113,16,5.28709282620975
114,16,0.31100546036528
115,16,0.933016381095839
116,16,0.622010920730559
117,16,1.24402184146112
119,16,0.31100546036528
120,16,4.19857371493127
121,16,1.5550273018264
125,16,0.31100546036528
126,16,0.622010920730559
127,16,0.15550273018264
128,16,1.86603276219168
134,16,0.466508190547919
135,16,0.31100546036528
136,16,0.15550273018264
137,16,0.622010920730559
138,16,0.933016381095839
139,16,2.02153549237432
140,16,1.39952457164376
141,16,2.3325409527396
3,17,0.466508190547919
5,17,0.466508190547919
7,17,0.31100546036528
8,17,0.15550273018264
9,17,0.622010920730559
16,17,0.15550273018264
18,17,0.31100546036528
19,17,0.777513650913199
21,17,0.622010920730559
22,17,0.31100546036528
24,17,1.5550273018264
25,17,1.5550273018264
27,17,2.95455187347016
30,17,0.15550273018264
31,17,0.15550273018264
32,17,2.02153549237432
34,17,0.777513650913199
35,17,1.24402184146112
37,17,0.15550273018264
38,17,0.622010920730559
39,17,0.31100546036528
40,17,0.31100546036528
41,17,0.777513650913199
42,17,1.24402184146112
43,17,0.15550273018264
44,17,1.71053003200904
45,17,1.71053003200904
46,17,0.622010920730559
48,17,0.31100546036528
49,17,0.31100546036528
50,17,0.777513650913199
51,17,0.15550273018264
52,17,0.466508190547919
53,17,0.933016381095839
54,17,0.466508190547919
56,17,0.15550273018264
57,17,2.17703822255696
58,17,0.31100546036528
59,17,0.933016381095839
61,17,0.777513650913199
62,17,1.39952457164376
63,17,1.5550273018264
64,17,1.39952457164376
66,17,0.15550273018264
67,17,0.622010920730559
69,17,2.17703822255696
70,17,0.31100546036528
72,17,0.15550273018264
73,17,0.31100546036528
74,17,2.02153549237432
76,17,0.31100546036528
78,17,1.86603276219168
79,17,3.42106006401808
80,17,1.08851911127848
81,17,1.39952457164376
82,17,0.622010920730559
83,17,0.777513650913199
84,17,0.622010920730559
85,17,0.15550273018264
86,17,0.31100546036528
87,17,0.622010920730559
88,17,0.15550273018264
89,17,0.466508190547919
91,17,0.622010920730559
92,17,2.02153549237432
93,17,0.31100546036528
94,17,0.777513650913199
96,17,2.02153549237432
97,17,0.622010920730559
100,17,0.31100546036528
101,17,0.466508190547919
102,17,0.31100546036528
103,17,0.15550273018264
105,17,1.08851911127848
107,17,1.08851911127848
108,17,0.15550273018264
109,17,0.933016381095839
110,17,0.31100546036528
112,17,0.933016381095839
114,17,1.08851911127848
116,17,2.17703822255696
118,17,0.31100546036528
120,17,0.466508190547919
122,17,0.31100546036528
123,17,0.622010920730559
124,17,0.622010920730559
127,17,0.466508190547919
129,17,0.622010920730559
130,17,0.15550273018264
132,17,0.622010920730559
133,17,1.08851911127848
134,17,2.17703822255696
136,17,1.5550273018264
137,17,0.15550273018264
138,17,0.777513650913199
140,17,0.15550273018264
141,17,2.02153549237432
1,18,0.31100546036528
2,18,1.08851911127848
3,18,2.64354641310488
5,18,0.15550273018264
6,18,1.08851911127848
7,18,0.622010920730559
8,18,0.622010920730559
10,18,0.466508190547919
11,18,2.48804368292224
12,18,1.24402184146112
13,18,0.15550273018264
14,18,0.622010920730559
15,18,0.466508190547919
16,18,8.08614196949727
17,18,0.31100546036528
19,18,0.15550273018264
22,18,0.31100546036528
23,18,0.15550273018264
26,18,1.24402184146112
27,18,1.08851911127848
29,18,1.5550273018264
30,18,1.5550273018264
31,18,0.15550273018264
33,18,1.39952457164376
34,18,0.15550273018264
36,18,0.622010920730559
37,18,0.622010920730559
39,18,6.37561193748823
40,18,1.08851911127848
41,18,1.39952457164376
44,18,0.466508190547919
46,18,0.466508190547919
47,18,0.31100546036528
50,18,2.48804368292224
51,18,1.39952457164376
52,18,0.15550273018264
53,18,0.622010920730559
55,18,0.466508190547919
56,18,0.15550273018264
58,18,0.31100546036528
60,18,0.777513650913199
63,18,0.15550273018264
66,18,0.933016381095839
67,18,0.15550273018264
68,18,0.622010920730559
69,18,0.622010920730559
70,18,0.15550273018264
72,18,2.95455187347016
73,18,0.15550273018264
75,18,3.1100546036528
76,18,0.15550273018264
77,18,0.15550273018264
78,18,0.15550273018264
80,18,0.933016381095839
83,18,0.15550273018264
84,18,0.466508190547919
85,18,2.95455187347016
87,18,4.04307098474863
88,18,0.622010920730559
89,18,4.35407644511391
90,18,1.08851911127848
93,18,1.71053003200904
94,18,0.31100546036528
95,18,0.31100546036528
96,18,0.15550273018264
97,18,0.15550273018264
99,18,0.933016381095839
100,18,0.777513650913199
101,18,0.622010920730559
104,18,1.5550273018264
106,18,1.71053003200904
108,18,0.466508190547919
110,18,0.31100546036528
111,18,2.02153549237432
113,18,2.3325409527396
115,18,0.466508190547919
116,18,0.15550273018264
117,18,1.39952457164376
119,18,5.90910374694031
120,18,0.622010920730559
121,18,2.17703822255696
122,18,0.31100546036528
125,18,3.73206552438335
126,18,1.39952457164376
128,18,1.08851911127848
132,18,0.15550273018264
135,18,0.15550273018264
137,18,0.15550273018264
138,18,0.466508190547919
139,18,2.02153549237432
140,18,1.08851911127848
141,18,0.15550273018264
2,19,0.15550273018264
3,19,0.15550273018264
4,19,1.08851911127848
7,19,0.622010920730559
9,19,3.1100546036528
10,19,0.31100546036528
11,19,0.31100546036528
13,19,0.777513650913199
14,19,0.777513650913199
15,19,0.31100546036528
17,19,0.777513650913199
18,19,0.15550273018264
20,19,2.02153549237432
21,19,7.93063923931463
24,19,0.466508190547919
25,19,0.31100546036528
27,19,1.08851911127848
30,19,1.08851911127848
32,19,7.30862831858407
35,19,3.26555733383544
37,19,0.933016381095839
38,19,0.933016381095839
40,19,0.31100546036528
42,19,4.19857371493127
43,19,0.466508190547919
44,19,5.90910374694031
45,19,1.71053003200904
46,19,0.31100546036528
47,19,0.15550273018264
48,19,0.933016381095839
49,19,1.86603276219168
50,19,0.15550273018264
52,19,0.31100546036528
53,19,0.15550273018264
54,19,7.46413104876671
56,19,0.622010920730559
57,19,0.466508190547919
58,19,0.31100546036528
59,19,0.466508190547919
60,19,0.15550273018264
61,19,1.71053003200904
62,19,13.8397429862549
63,19,5.44259555639239
64,19,0.31100546036528
65,19,0.15550273018264
66,19,0.15550273018264
67,19,1.39952457164376
68,19,0.31100546036528
69,19,1.39952457164376
70,19,0.15550273018264
71,19,0.622010920730559
73,19,2.79904914328752
74,19,0.777513650913199
75,19,0.622010920730559
76,19,4.04307098474863
77,19,0.15550273018264
78,19,1.08851911127848
79,19,1.86603276219168
81,19,5.13159009602711
83,19,0.31100546036528
84,19,1.24402184146112
85,19,0.31100546036528
86,19,2.95455187347016
88,19,0.31100546036528
91,19,2.48804368292224
92,19,0.466508190547919
93,19,0.15550273018264
94,19,1.08851911127848
96,19,1.08851911127848
97,19,0.15550273018264
98,19,0.31100546036528
101,19,0.622010920730559
102,19,12.7512238749765
103,19,0.31100546036528
105,19,0.15550273018264
107,19,4.19857371493127
108,19,1.08851911127848
109,19,0.31100546036528
110,19,1.08851911127848
112,19,0.933016381095839
114,19,0.31100546036528
116,19,1.39952457164376
118,19,7.77513650913199
119,19,0.31100546036528
122,19,0.466508190547919
