2,1,1.0625
3,1,1.0625
5,1,1.0625
1,2,1.0625
3,2,1.59375
4,2,1.59375
5,2,1.59375
6,2,0.53125
8,2,0.53125
1,3,1.0625
2,3,1.59375
4,3,1.0625
5,3,0.53125
2,4,1.59375
3,4,1.0625
6,4,0.53125
7,4,1.0625
8,4,2.125
1,5,1.0625
2,5,1.59375
3,5,0.53125
6,5,0.53125
2,6,0.53125
4,6,0.53125
5,6,0.53125
7,6,0.53125
8,6,1.0625
4,7,1.0625
6,7,0.53125
8,7,0.53125
2,8,0.53125
4,8,2.125
6,8,1.0625
7,8,0.53125
